frame_size,page_fault,hit_rate,miss_rate
10,961.000000,0.039000,0.961000
11,957.000000,0.043000,0.957000
12,953.000000,0.047000,0.953000
13,950.000000,0.050000,0.950000
14,939.000000,0.061000,0.939000
15,936.000000,0.064000,0.936000
16,929.000000,0.071000,0.929000
17,927.000000,0.073000,0.927000
18,924.000000,0.076000,0.924000
19,919.000000,0.081000,0.919000
20,916.000000,0.084000,0.916000
21,911.000000,0.089000,0.911000
22,908.000000,0.092000,0.908000
23,907.000000,0.093000,0.907000
24,905.000000,0.095000,0.905000
25,904.000000,0.096000,0.904000
26,900.000000,0.100000,0.900000
27,895.000000,0.105000,0.895000
28,890.000000,0.110000,0.890000
29,887.000000,0.113000,0.887000
30,886.000000,0.114000,0.886000
31,875.000000,0.125000,0.875000
32,874.000000,0.126000,0.874000
33,871.000000,0.129000,0.871000
34,870.000000,0.130000,0.870000
35,866.000000,0.134000,0.866000
36,862.000000,0.138000,0.862000
37,858.000000,0.142000,0.858000
38,855.000000,0.145000,0.855000
39,853.000000,0.147000,0.853000
40,847.000000,0.153000,0.847000
41,845.000000,0.155000,0.845000
42,844.000000,0.156000,0.844000
43,836.000000,0.164000,0.836000
44,831.000000,0.169000,0.831000
45,827.000000,0.173000,0.827000
46,822.000000,0.178000,0.822000
47,818.000000,0.182000,0.818000
48,815.000000,0.185000,0.815000
49,813.000000,0.187000,0.813000
50,810.000000,0.190000,0.810000
51,809.000000,0.191000,0.809000
52,804.000000,0.196000,0.804000
53,797.000000,0.203000,0.797000
54,791.000000,0.209000,0.791000
55,789.000000,0.211000,0.789000
56,785.000000,0.215000,0.785000
57,782.000000,0.218000,0.782000
58,779.000000,0.221000,0.779000
59,775.000000,0.225000,0.775000
60,764.000000,0.236000,0.764000
61,762.000000,0.238000,0.762000
62,758.000000,0.242000,0.758000
63,757.000000,0.243000,0.757000
64,749.000000,0.251000,0.749000
65,748.000000,0.252000,0.748000
66,743.000000,0.257000,0.743000
67,738.000000,0.262000,0.738000
68,728.000000,0.272000,0.728000
69,723.000000,0.277000,0.723000
70,723.000000,0.277000,0.723000
71,715.000000,0.285000,0.715000
72,710.000000,0.290000,0.710000
73,709.000000,0.291000,0.709000
74,708.000000,0.292000,0.708000
75,705.000000,0.295000,0.705000
76,702.000000,0.298000,0.702000
77,700.000000,0.300000,0.700000
78,693.000000,0.307000,0.693000
79,689.000000,0.311000,0.689000
80,688.000000,0.312000,0.688000
81,685.000000,0.315000,0.685000
82,678.000000,0.322000,0.678000
83,672.000000,0.328000,0.672000
84,667.000000,0.333000,0.667000
85,662.000000,0.338000,0.662000
86,661.000000,0.339000,0.661000
87,654.000000,0.346000,0.654000
88,651.000000,0.349000,0.651000
89,651.000000,0.349000,0.651000
90,650.000000,0.350000,0.650000
91,644.000000,0.356000,0.644000
92,643.000000,0.357000,0.643000
93,643.000000,0.357000,0.643000
94,640.000000,0.360000,0.640000
95,636.000000,0.364000,0.636000
96,635.000000,0.365000,0.635000
97,630.000000,0.370000,0.630000
98,625.000000,0.375000,0.625000
99,621.000000,0.379000,0.621000
100,618.000000,0.382000,0.618000
101,616.000000,0.384000,0.616000
102,612.000000,0.388000,0.612000
103,604.000000,0.396000,0.604000
104,603.000000,0.397000,0.603000
105,602.000000,0.398000,0.602000
106,589.000000,0.411000,0.589000
107,583.000000,0.417000,0.583000
108,581.000000,0.419000,0.581000
109,580.000000,0.420000,0.580000
110,579.000000,0.421000,0.579000
111,579.000000,0.421000,0.579000
112,579.000000,0.421000,0.579000
113,578.000000,0.422000,0.578000
114,575.000000,0.425000,0.575000
115,560.000000,0.440000,0.560000
116,556.000000,0.444000,0.556000
117,549.000000,0.451000,0.549000
118,549.000000,0.451000,0.549000
119,544.000000,0.456000,0.544000
120,544.000000,0.456000,0.544000
121,543.000000,0.457000,0.543000
122,541.000000,0.459000,0.541000
123,539.000000,0.461000,0.539000
124,533.000000,0.467000,0.533000
125,531.000000,0.469000,0.531000
126,531.000000,0.469000,0.531000
127,530.000000,0.470000,0.530000
128,528.000000,0.472000,0.528000
129,526.000000,0.474000,0.526000
130,522.000000,0.478000,0.522000
131,516.000000,0.484000,0.516000
132,516.000000,0.484000,0.516000
133,514.000000,0.486000,0.514000
134,511.000000,0.489000,0.511000
135,511.000000,0.489000,0.511000
136,510.000000,0.490000,0.510000
137,506.000000,0.494000,0.506000
138,503.000000,0.497000,0.503000
139,503.000000,0.497000,0.503000
140,503.000000,0.497000,0.503000
141,500.000000,0.500000,0.500000
142,499.000000,0.501000,0.499000
143,497.000000,0.503000,0.497000
144,497.000000,0.503000,0.497000
145,496.000000,0.504000,0.496000
146,489.000000,0.511000,0.489000
147,489.000000,0.511000,0.489000
148,485.000000,0.515000,0.485000
149,480.000000,0.520000,0.480000
150,469.000000,0.531000,0.469000
151,465.000000,0.535000,0.465000
152,457.000000,0.543000,0.457000
153,454.000000,0.546000,0.454000
154,454.000000,0.546000,0.454000
155,454.000000,0.546000,0.454000
156,454.000000,0.546000,0.454000
157,454.000000,0.546000,0.454000
158,450.000000,0.550000,0.450000
159,449.000000,0.551000,0.449000
160,447.000000,0.553000,0.447000
161,447.000000,0.553000,0.447000
162,446.000000,0.554000,0.446000
163,445.000000,0.555000,0.445000
164,445.000000,0.555000,0.445000
165,441.000000,0.559000,0.441000
166,440.000000,0.560000,0.440000
167,430.000000,0.570000,0.430000
168,428.000000,0.572000,0.428000
169,425.000000,0.575000,0.425000
170,423.000000,0.577000,0.423000
171,420.000000,0.580000,0.420000
172,410.000000,0.590000,0.410000
173,406.000000,0.594000,0.406000
174,395.000000,0.605000,0.395000
175,394.000000,0.606000,0.394000
176,394.000000,0.606000,0.394000
177,392.000000,0.608000,0.392000
178,389.000000,0.611000,0.389000
179,385.000000,0.615000,0.385000
180,383.000000,0.617000,0.383000
181,379.000000,0.621000,0.379000
182,373.000000,0.627000,0.373000
183,371.000000,0.629000,0.371000
184,370.000000,0.630000,0.370000
185,366.000000,0.634000,0.366000
186,366.000000,0.634000,0.366000
187,366.000000,0.634000,0.366000
188,366.000000,0.634000,0.366000
189,366.000000,0.634000,0.366000
190,366.000000,0.634000,0.366000
191,365.000000,0.635000,0.365000
192,365.000000,0.635000,0.365000
193,361.000000,0.639000,0.361000
194,356.000000,0.644000,0.356000
195,354.000000,0.646000,0.354000
196,347.000000,0.653000,0.347000
197,346.000000,0.654000,0.346000
198,343.000000,0.657000,0.343000
199,343.000000,0.657000,0.343000
200,343.000000,0.657000,0.343000
201,343.000000,0.657000,0.343000
202,342.000000,0.658000,0.342000
203,339.000000,0.661000,0.339000
204,339.000000,0.661000,0.339000
205,329.000000,0.671000,0.329000
206,323.000000,0.677000,0.323000
207,321.000000,0.679000,0.321000
208,319.000000,0.681000,0.319000
209,317.000000,0.683000,0.317000
210,313.000000,0.687000,0.313000
211,312.000000,0.688000,0.312000
212,311.000000,0.689000,0.311000
213,311.000000,0.689000,0.311000
214,307.000000,0.693000,0.307000
215,306.000000,0.694000,0.306000
216,305.000000,0.695000,0.305000
217,305.000000,0.695000,0.305000
218,305.000000,0.695000,0.305000
219,305.000000,0.695000,0.305000
220,305.000000,0.695000,0.305000
221,305.000000,0.695000,0.305000
222,299.000000,0.701000,0.299000
223,297.000000,0.703000,0.297000
224,293.000000,0.707000,0.293000
225,289.000000,0.711000,0.289000
226,286.000000,0.714000,0.286000
227,285.000000,0.715000,0.285000
228,285.000000,0.715000,0.285000
229,284.000000,0.716000,0.284000
230,283.000000,0.717000,0.283000
231,279.000000,0.721000,0.279000
232,279.000000,0.721000,0.279000
233,275.000000,0.725000,0.275000
234,270.000000,0.730000,0.270000
235,269.000000,0.731000,0.269000
236,265.000000,0.735000,0.265000
237,260.000000,0.740000,0.260000
238,258.000000,0.742000,0.258000
239,257.000000,0.743000,0.257000
240,257.000000,0.743000,0.257000
241,255.000000,0.745000,0.255000
242,255.000000,0.745000,0.255000
243,255.000000,0.745000,0.255000
244,255.000000,0.745000,0.255000
245,254.000000,0.746000,0.254000
246,254.000000,0.746000,0.254000
247,253.000000,0.747000,0.253000
248,252.000000,0.748000,0.252000
249,251.000000,0.749000,0.251000
250,251.000000,0.749000,0.251000
251,251.000000,0.749000,0.251000
252,251.000000,0.749000,0.251000
253,251.000000,0.749000,0.251000
254,251.000000,0.749000,0.251000
255,251.000000,0.749000,0.251000
256,251.000000,0.749000,0.251000
257,251.000000,0.749000,0.251000
258,251.000000,0.749000,0.251000
259,251.000000,0.749000,0.251000
260,251.000000,0.749000,0.251000
261,251.000000,0.749000,0.251000
262,251.000000,0.749000,0.251000
263,251.000000,0.749000,0.251000
264,251.000000,0.749000,0.251000
265,251.000000,0.749000,0.251000
266,251.000000,0.749000,0.251000
267,251.000000,0.749000,0.251000
268,251.000000,0.749000,0.251000
269,251.000000,0.749000,0.251000
270,251.000000,0.749000,0.251000
271,251.000000,0.749000,0.251000
272,251.000000,0.749000,0.251000
273,251.000000,0.749000,0.251000
274,251.000000,0.749000,0.251000
275,251.000000,0.749000,0.251000
276,251.000000,0.749000,0.251000
277,251.000000,0.749000,0.251000
278,251.000000,0.749000,0.251000
279,251.000000,0.749000,0.251000
280,251.000000,0.749000,0.251000
281,251.000000,0.749000,0.251000
282,251.000000,0.749000,0.251000
283,251.000000,0.749000,0.251000
284,251.000000,0.749000,0.251000
285,251.000000,0.749000,0.251000
286,251.000000,0.749000,0.251000
287,251.000000,0.749000,0.251000
288,251.000000,0.749000,0.251000
289,251.000000,0.749000,0.251000
290,251.000000,0.749000,0.251000
291,251.000000,0.749000,0.251000
292,251.000000,0.749000,0.251000
293,251.000000,0.749000,0.251000
294,251.000000,0.749000,0.251000
295,251.000000,0.749000,0.251000
296,251.000000,0.749000,0.251000
297,251.000000,0.749000,0.251000
298,251.000000,0.749000,0.251000
299,251.000000,0.749000,0.251000
300,251.000000,0.749000,0.251000
301,251.000000,0.749000,0.251000
302,251.000000,0.749000,0.251000
303,251.000000,0.749000,0.251000
304,251.000000,0.749000,0.251000
305,251.000000,0.749000,0.251000
306,251.000000,0.749000,0.251000
307,251.000000,0.749000,0.251000
308,251.000000,0.749000,0.251000
309,251.000000,0.749000,0.251000
310,251.000000,0.749000,0.251000
311,251.000000,0.749000,0.251000
312,251.000000,0.749000,0.251000
313,251.000000,0.749000,0.251000
314,251.000000,0.749000,0.251000
315,251.000000,0.749000,0.251000
316,251.000000,0.749000,0.251000
317,251.000000,0.749000,0.251000
318,251.000000,0.749000,0.251000
319,251.000000,0.749000,0.251000
320,251.000000,0.749000,0.251000
321,251.000000,0.749000,0.251000
322,251.000000,0.749000,0.251000
323,251.000000,0.749000,0.251000
324,251.000000,0.749000,0.251000
325,251.000000,0.749000,0.251000
326,251.000000,0.749000,0.251000
327,251.000000,0.749000,0.251000
328,251.000000,0.749000,0.251000
329,251.000000,0.749000,0.251000
330,251.000000,0.749000,0.251000
331,251.000000,0.749000,0.251000
332,251.000000,0.749000,0.251000
333,251.000000,0.749000,0.251000
334,251.000000,0.749000,0.251000
335,251.000000,0.749000,0.251000
336,251.000000,0.749000,0.251000
337,251.000000,0.749000,0.251000
338,251.000000,0.749000,0.251000
339,251.000000,0.749000,0.251000
340,251.000000,0.749000,0.251000
341,251.000000,0.749000,0.251000
342,251.000000,0.749000,0.251000
343,251.000000,0.749000,0.251000
344,251.000000,0.749000,0.251000
345,251.000000,0.749000,0.251000
346,251.000000,0.749000,0.251000
347,251.000000,0.749000,0.251000
348,251.000000,0.749000,0.251000
349,251.000000,0.749000,0.251000
350,251.000000,0.749000,0.251000
351,251.000000,0.749000,0.251000
352,251.000000,0.749000,0.251000
353,251.000000,0.749000,0.251000
354,251.000000,0.749000,0.251000
355,251.000000,0.749000,0.251000
356,251.000000,0.749000,0.251000
357,251.000000,0.749000,0.251000
358,251.000000,0.749000,0.251000
359,251.000000,0.749000,0.251000
360,251.000000,0.749000,0.251000
361,251.000000,0.749000,0.251000
362,251.000000,0.749000,0.251000
363,251.000000,0.749000,0.251000
364,251.000000,0.749000,0.251000
365,251.000000,0.749000,0.251000
366,251.000000,0.749000,0.251000
367,251.000000,0.749000,0.251000
368,251.000000,0.749000,0.251000
369,251.000000,0.749000,0.251000
370,251.000000,0.749000,0.251000
371,251.000000,0.749000,0.251000
372,251.000000,0.749000,0.251000
373,251.000000,0.749000,0.251000
374,251.000000,0.749000,0.251000
375,251.000000,0.749000,0.251000
376,251.000000,0.749000,0.251000
377,251.000000,0.749000,0.251000
378,251.000000,0.749000,0.251000
379,251.000000,0.749000,0.251000
380,251.000000,0.749000,0.251000
381,251.000000,0.749000,0.251000
382,251.000000,0.749000,0.251000
383,251.000000,0.749000,0.251000
384,251.000000,0.749000,0.251000
385,251.000000,0.749000,0.251000
386,251.000000,0.749000,0.251000
387,251.000000,0.749000,0.251000
388,251.000000,0.749000,0.251000
389,251.000000,0.749000,0.251000
390,251.000000,0.749000,0.251000
391,251.000000,0.749000,0.251000
392,251.000000,0.749000,0.251000
393,251.000000,0.749000,0.251000
394,251.000000,0.749000,0.251000
395,251.000000,0.749000,0.251000
396,251.000000,0.749000,0.251000
397,251.000000,0.749000,0.251000
398,251.000000,0.749000,0.251000
399,251.000000,0.749000,0.251000
400,251.000000,0.749000,0.251000
401,251.000000,0.749000,0.251000
402,251.000000,0.749000,0.251000
403,251.000000,0.749000,0.251000
404,251.000000,0.749000,0.251000
405,251.000000,0.749000,0.251000
406,251.000000,0.749000,0.251000
407,251.000000,0.749000,0.251000
408,251.000000,0.749000,0.251000
409,251.000000,0.749000,0.251000
410,251.000000,0.749000,0.251000
411,251.000000,0.749000,0.251000
412,251.000000,0.749000,0.251000
413,251.000000,0.749000,0.251000
414,251.000000,0.749000,0.251000
415,251.000000,0.749000,0.251000
416,251.000000,0.749000,0.251000
417,251.000000,0.749000,0.251000
418,251.000000,0.749000,0.251000
419,251.000000,0.749000,0.251000
420,251.000000,0.749000,0.251000
421,251.000000,0.749000,0.251000
422,251.000000,0.749000,0.251000
423,251.000000,0.749000,0.251000
424,251.000000,0.749000,0.251000
425,251.000000,0.749000,0.251000
426,251.000000,0.749000,0.251000
427,251.000000,0.749000,0.251000
428,251.000000,0.749000,0.251000
429,251.000000,0.749000,0.251000
430,251.000000,0.749000,0.251000
431,251.000000,0.749000,0.251000
432,251.000000,0.749000,0.251000
433,251.000000,0.749000,0.251000
434,251.000000,0.749000,0.251000
435,251.000000,0.749000,0.251000
436,251.000000,0.749000,0.251000
437,251.000000,0.749000,0.251000
438,251.000000,0.749000,0.251000
439,251.000000,0.749000,0.251000
440,251.000000,0.749000,0.251000
441,251.000000,0.749000,0.251000
442,251.000000,0.749000,0.251000
443,251.000000,0.749000,0.251000
444,251.000000,0.749000,0.251000
445,251.000000,0.749000,0.251000
446,251.000000,0.749000,0.251000
447,251.000000,0.749000,0.251000
448,251.000000,0.749000,0.251000
449,251.000000,0.749000,0.251000
450,251.000000,0.749000,0.251000
451,251.000000,0.749000,0.251000
452,251.000000,0.749000,0.251000
453,251.000000,0.749000,0.251000
454,251.000000,0.749000,0.251000
455,251.000000,0.749000,0.251000
456,251.000000,0.749000,0.251000
457,251.000000,0.749000,0.251000
458,251.000000,0.749000,0.251000
459,251.000000,0.749000,0.251000
460,251.000000,0.749000,0.251000
461,251.000000,0.749000,0.251000
462,251.000000,0.749000,0.251000
463,251.000000,0.749000,0.251000
464,251.000000,0.749000,0.251000
465,251.000000,0.749000,0.251000
466,251.000000,0.749000,0.251000
467,251.000000,0.749000,0.251000
468,251.000000,0.749000,0.251000
469,251.000000,0.749000,0.251000
470,251.000000,0.749000,0.251000
471,251.000000,0.749000,0.251000
472,251.000000,0.749000,0.251000
473,251.000000,0.749000,0.251000
474,251.000000,0.749000,0.251000
475,251.000000,0.749000,0.251000
476,251.000000,0.749000,0.251000
477,251.000000,0.749000,0.251000
478,251.000000,0.749000,0.251000
479,251.000000,0.749000,0.251000
480,251.000000,0.749000,0.251000
481,251.000000,0.749000,0.251000
482,251.000000,0.749000,0.251000
483,251.000000,0.749000,0.251000
484,251.000000,0.749000,0.251000
485,251.000000,0.749000,0.251000
486,251.000000,0.749000,0.251000
487,251.000000,0.749000,0.251000
488,251.000000,0.749000,0.251000
489,251.000000,0.749000,0.251000
490,251.000000,0.749000,0.251000
491,251.000000,0.749000,0.251000
492,251.000000,0.749000,0.251000
493,251.000000,0.749000,0.251000
494,251.000000,0.749000,0.251000
495,251.000000,0.749000,0.251000
496,251.000000,0.749000,0.251000
497,251.000000,0.749000,0.251000
498,251.000000,0.749000,0.251000
499,251.000000,0.749000,0.251000
500,251.000000,0.749000,0.251000
501,251.000000,0.749000,0.251000
502,251.000000,0.749000,0.251000
503,251.000000,0.749000,0.251000
504,251.000000,0.749000,0.251000
505,251.000000,0.749000,0.251000
506,251.000000,0.749000,0.251000
507,251.000000,0.749000,0.251000
508,251.000000,0.749000,0.251000
509,251.000000,0.749000,0.251000
510,251.000000,0.749000,0.251000
511,251.000000,0.749000,0.251000
512,251.000000,0.749000,0.251000
513,251.000000,0.749000,0.251000
514,251.000000,0.749000,0.251000
515,251.000000,0.749000,0.251000
516,251.000000,0.749000,0.251000
517,251.000000,0.749000,0.251000
518,251.000000,0.749000,0.251000
519,251.000000,0.749000,0.251000
520,251.000000,0.749000,0.251000
521,251.000000,0.749000,0.251000
522,251.000000,0.749000,0.251000
523,251.000000,0.749000,0.251000
524,251.000000,0.749000,0.251000
525,251.000000,0.749000,0.251000
526,251.000000,0.749000,0.251000
527,251.000000,0.749000,0.251000
528,251.000000,0.749000,0.251000
529,251.000000,0.749000,0.251000
530,251.000000,0.749000,0.251000
531,251.000000,0.749000,0.251000
532,251.000000,0.749000,0.251000
533,251.000000,0.749000,0.251000
534,251.000000,0.749000,0.251000
535,251.000000,0.749000,0.251000
536,251.000000,0.749000,0.251000
537,251.000000,0.749000,0.251000
538,251.000000,0.749000,0.251000
539,251.000000,0.749000,0.251000
540,251.000000,0.749000,0.251000
541,251.000000,0.749000,0.251000
542,251.000000,0.749000,0.251000
543,251.000000,0.749000,0.251000
544,251.000000,0.749000,0.251000
545,251.000000,0.749000,0.251000
546,251.000000,0.749000,0.251000
547,251.000000,0.749000,0.251000
548,251.000000,0.749000,0.251000
549,251.000000,0.749000,0.251000
550,251.000000,0.749000,0.251000
551,251.000000,0.749000,0.251000
552,251.000000,0.749000,0.251000
553,251.000000,0.749000,0.251000
554,251.000000,0.749000,0.251000
555,251.000000,0.749000,0.251000
556,251.000000,0.749000,0.251000
557,251.000000,0.749000,0.251000
558,251.000000,0.749000,0.251000
559,251.000000,0.749000,0.251000
560,251.000000,0.749000,0.251000
561,251.000000,0.749000,0.251000
562,251.000000,0.749000,0.251000
563,251.000000,0.749000,0.251000
564,251.000000,0.749000,0.251000
565,251.000000,0.749000,0.251000
566,251.000000,0.749000,0.251000
567,251.000000,0.749000,0.251000
568,251.000000,0.749000,0.251000
569,251.000000,0.749000,0.251000
570,251.000000,0.749000,0.251000
571,251.000000,0.749000,0.251000
572,251.000000,0.749000,0.251000
573,251.000000,0.749000,0.251000
574,251.000000,0.749000,0.251000
575,251.000000,0.749000,0.251000
576,251.000000,0.749000,0.251000
577,251.000000,0.749000,0.251000
578,251.000000,0.749000,0.251000
579,251.000000,0.749000,0.251000
580,251.000000,0.749000,0.251000
581,251.000000,0.749000,0.251000
582,251.000000,0.749000,0.251000
583,251.000000,0.749000,0.251000
584,251.000000,0.749000,0.251000
585,251.000000,0.749000,0.251000
586,251.000000,0.749000,0.251000
587,251.000000,0.749000,0.251000
588,251.000000,0.749000,0.251000
589,251.000000,0.749000,0.251000
590,251.000000,0.749000,0.251000
591,251.000000,0.749000,0.251000
592,251.000000,0.749000,0.251000
593,251.000000,0.749000,0.251000
594,251.000000,0.749000,0.251000
595,251.000000,0.749000,0.251000
596,251.000000,0.749000,0.251000
597,251.000000,0.749000,0.251000
598,251.000000,0.749000,0.251000
599,251.000000,0.749000,0.251000
600,251.000000,0.749000,0.251000
601,251.000000,0.749000,0.251000
602,251.000000,0.749000,0.251000
603,251.000000,0.749000,0.251000
604,251.000000,0.749000,0.251000
605,251.000000,0.749000,0.251000
606,251.000000,0.749000,0.251000
607,251.000000,0.749000,0.251000
608,251.000000,0.749000,0.251000
609,251.000000,0.749000,0.251000
610,251.000000,0.749000,0.251000
611,251.000000,0.749000,0.251000
612,251.000000,0.749000,0.251000
613,251.000000,0.749000,0.251000
614,251.000000,0.749000,0.251000
615,251.000000,0.749000,0.251000
616,251.000000,0.749000,0.251000
617,251.000000,0.749000,0.251000
618,251.000000,0.749000,0.251000
619,251.000000,0.749000,0.251000
620,251.000000,0.749000,0.251000
621,251.000000,0.749000,0.251000
622,251.000000,0.749000,0.251000
623,251.000000,0.749000,0.251000
624,251.000000,0.749000,0.251000
625,251.000000,0.749000,0.251000
626,251.000000,0.749000,0.251000
627,251.000000,0.749000,0.251000
628,251.000000,0.749000,0.251000
629,251.000000,0.749000,0.251000
630,251.000000,0.749000,0.251000
631,251.000000,0.749000,0.251000
632,251.000000,0.749000,0.251000
633,251.000000,0.749000,0.251000
634,251.000000,0.749000,0.251000
635,251.000000,0.749000,0.251000
636,251.000000,0.749000,0.251000
637,251.000000,0.749000,0.251000
638,251.000000,0.749000,0.251000
639,251.000000,0.749000,0.251000
640,251.000000,0.749000,0.251000
641,251.000000,0.749000,0.251000
642,251.000000,0.749000,0.251000
643,251.000000,0.749000,0.251000
644,251.000000,0.749000,0.251000
645,251.000000,0.749000,0.251000
646,251.000000,0.749000,0.251000
647,251.000000,0.749000,0.251000
648,251.000000,0.749000,0.251000
649,251.000000,0.749000,0.251000
650,251.000000,0.749000,0.251000
651,251.000000,0.749000,0.251000
652,251.000000,0.749000,0.251000
653,251.000000,0.749000,0.251000
654,251.000000,0.749000,0.251000
655,251.000000,0.749000,0.251000
656,251.000000,0.749000,0.251000
657,251.000000,0.749000,0.251000
658,251.000000,0.749000,0.251000
659,251.000000,0.749000,0.251000
660,251.000000,0.749000,0.251000
661,251.000000,0.749000,0.251000
662,251.000000,0.749000,0.251000
663,251.000000,0.749000,0.251000
664,251.000000,0.749000,0.251000
665,251.000000,0.749000,0.251000
666,251.000000,0.749000,0.251000
667,251.000000,0.749000,0.251000
668,251.000000,0.749000,0.251000
669,251.000000,0.749000,0.251000
670,251.000000,0.749000,0.251000
671,251.000000,0.749000,0.251000
672,251.000000,0.749000,0.251000
673,251.000000,0.749000,0.251000
674,251.000000,0.749000,0.251000
675,251.000000,0.749000,0.251000
676,251.000000,0.749000,0.251000
677,251.000000,0.749000,0.251000
678,251.000000,0.749000,0.251000
679,251.000000,0.749000,0.251000
680,251.000000,0.749000,0.251000
681,251.000000,0.749000,0.251000
682,251.000000,0.749000,0.251000
683,251.000000,0.749000,0.251000
684,251.000000,0.749000,0.251000
685,251.000000,0.749000,0.251000
686,251.000000,0.749000,0.251000
687,251.000000,0.749000,0.251000
688,251.000000,0.749000,0.251000
689,251.000000,0.749000,0.251000
690,251.000000,0.749000,0.251000
691,251.000000,0.749000,0.251000
692,251.000000,0.749000,0.251000
693,251.000000,0.749000,0.251000
694,251.000000,0.749000,0.251000
695,251.000000,0.749000,0.251000
696,251.000000,0.749000,0.251000
697,251.000000,0.749000,0.251000
698,251.000000,0.749000,0.251000
699,251.000000,0.749000,0.251000
700,251.000000,0.749000,0.251000
701,251.000000,0.749000,0.251000
702,251.000000,0.749000,0.251000
703,251.000000,0.749000,0.251000
704,251.000000,0.749000,0.251000
705,251.000000,0.749000,0.251000
706,251.000000,0.749000,0.251000
707,251.000000,0.749000,0.251000
708,251.000000,0.749000,0.251000
709,251.000000,0.749000,0.251000
710,251.000000,0.749000,0.251000
711,251.000000,0.749000,0.251000
712,251.000000,0.749000,0.251000
713,251.000000,0.749000,0.251000
714,251.000000,0.749000,0.251000
715,251.000000,0.749000,0.251000
716,251.000000,0.749000,0.251000
717,251.000000,0.749000,0.251000
718,251.000000,0.749000,0.251000
719,251.000000,0.749000,0.251000
720,251.000000,0.749000,0.251000
721,251.000000,0.749000,0.251000
722,251.000000,0.749000,0.251000
723,251.000000,0.749000,0.251000
724,251.000000,0.749000,0.251000
725,251.000000,0.749000,0.251000
726,251.000000,0.749000,0.251000
727,251.000000,0.749000,0.251000
728,251.000000,0.749000,0.251000
729,251.000000,0.749000,0.251000
730,251.000000,0.749000,0.251000
731,251.000000,0.749000,0.251000
732,251.000000,0.749000,0.251000
733,251.000000,0.749000,0.251000
734,251.000000,0.749000,0.251000
735,251.000000,0.749000,0.251000
736,251.000000,0.749000,0.251000
737,251.000000,0.749000,0.251000
738,251.000000,0.749000,0.251000
739,251.000000,0.749000,0.251000
740,251.000000,0.749000,0.251000
741,251.000000,0.749000,0.251000
742,251.000000,0.749000,0.251000
743,251.000000,0.749000,0.251000
744,251.000000,0.749000,0.251000
745,251.000000,0.749000,0.251000
746,251.000000,0.749000,0.251000
747,251.000000,0.749000,0.251000
748,251.000000,0.749000,0.251000
749,251.000000,0.749000,0.251000
750,251.000000,0.749000,0.251000
751,251.000000,0.749000,0.251000
752,251.000000,0.749000,0.251000
753,251.000000,0.749000,0.251000
754,251.000000,0.749000,0.251000
755,251.000000,0.749000,0.251000
756,251.000000,0.749000,0.251000
757,251.000000,0.749000,0.251000
758,251.000000,0.749000,0.251000
759,251.000000,0.749000,0.251000
760,251.000000,0.749000,0.251000
761,251.000000,0.749000,0.251000
762,251.000000,0.749000,0.251000
763,251.000000,0.749000,0.251000
764,251.000000,0.749000,0.251000
765,251.000000,0.749000,0.251000
766,251.000000,0.749000,0.251000
767,251.000000,0.749000,0.251000
768,251.000000,0.749000,0.251000
769,251.000000,0.749000,0.251000
770,251.000000,0.749000,0.251000
771,251.000000,0.749000,0.251000
772,251.000000,0.749000,0.251000
773,251.000000,0.749000,0.251000
774,251.000000,0.749000,0.251000
775,251.000000,0.749000,0.251000
776,251.000000,0.749000,0.251000
777,251.000000,0.749000,0.251000
778,251.000000,0.749000,0.251000
779,251.000000,0.749000,0.251000
780,251.000000,0.749000,0.251000
781,251.000000,0.749000,0.251000
782,251.000000,0.749000,0.251000
783,251.000000,0.749000,0.251000
784,251.000000,0.749000,0.251000
785,251.000000,0.749000,0.251000
786,251.000000,0.749000,0.251000
787,251.000000,0.749000,0.251000
788,251.000000,0.749000,0.251000
789,251.000000,0.749000,0.251000
790,251.000000,0.749000,0.251000
791,251.000000,0.749000,0.251000
792,251.000000,0.749000,0.251000
793,251.000000,0.749000,0.251000
794,251.000000,0.749000,0.251000
795,251.000000,0.749000,0.251000
796,251.000000,0.749000,0.251000
797,251.000000,0.749000,0.251000
798,251.000000,0.749000,0.251000
799,251.000000,0.749000,0.251000
800,251.000000,0.749000,0.251000
801,251.000000,0.749000,0.251000
802,251.000000,0.749000,0.251000
803,251.000000,0.749000,0.251000
804,251.000000,0.749000,0.251000
805,251.000000,0.749000,0.251000
806,251.000000,0.749000,0.251000
807,251.000000,0.749000,0.251000
808,251.000000,0.749000,0.251000
809,251.000000,0.749000,0.251000
810,251.000000,0.749000,0.251000
811,251.000000,0.749000,0.251000
812,251.000000,0.749000,0.251000
813,251.000000,0.749000,0.251000
814,251.000000,0.749000,0.251000
815,251.000000,0.749000,0.251000
816,251.000000,0.749000,0.251000
817,251.000000,0.749000,0.251000
818,251.000000,0.749000,0.251000
819,251.000000,0.749000,0.251000
820,251.000000,0.749000,0.251000
821,251.000000,0.749000,0.251000
822,251.000000,0.749000,0.251000
823,251.000000,0.749000,0.251000
824,251.000000,0.749000,0.251000
825,251.000000,0.749000,0.251000
826,251.000000,0.749000,0.251000
827,251.000000,0.749000,0.251000
828,251.000000,0.749000,0.251000
829,251.000000,0.749000,0.251000
830,251.000000,0.749000,0.251000
831,251.000000,0.749000,0.251000
832,251.000000,0.749000,0.251000
833,251.000000,0.749000,0.251000
834,251.000000,0.749000,0.251000
835,251.000000,0.749000,0.251000
836,251.000000,0.749000,0.251000
837,251.000000,0.749000,0.251000
838,251.000000,0.749000,0.251000
839,251.000000,0.749000,0.251000
840,251.000000,0.749000,0.251000
841,251.000000,0.749000,0.251000
842,251.000000,0.749000,0.251000
843,251.000000,0.749000,0.251000
844,251.000000,0.749000,0.251000
845,251.000000,0.749000,0.251000
846,251.000000,0.749000,0.251000
847,251.000000,0.749000,0.251000
848,251.000000,0.749000,0.251000
849,251.000000,0.749000,0.251000
850,251.000000,0.749000,0.251000
851,251.000000,0.749000,0.251000
852,251.000000,0.749000,0.251000
853,251.000000,0.749000,0.251000
854,251.000000,0.749000,0.251000
855,251.000000,0.749000,0.251000
856,251.000000,0.749000,0.251000
857,251.000000,0.749000,0.251000
858,251.000000,0.749000,0.251000
859,251.000000,0.749000,0.251000
860,251.000000,0.749000,0.251000
861,251.000000,0.749000,0.251000
862,251.000000,0.749000,0.251000
863,251.000000,0.749000,0.251000
864,251.000000,0.749000,0.251000
865,251.000000,0.749000,0.251000
866,251.000000,0.749000,0.251000
867,251.000000,0.749000,0.251000
868,251.000000,0.749000,0.251000
869,251.000000,0.749000,0.251000
870,251.000000,0.749000,0.251000
871,251.000000,0.749000,0.251000
872,251.000000,0.749000,0.251000
873,251.000000,0.749000,0.251000
874,251.000000,0.749000,0.251000
875,251.000000,0.749000,0.251000
876,251.000000,0.749000,0.251000
877,251.000000,0.749000,0.251000
878,251.000000,0.749000,0.251000
879,251.000000,0.749000,0.251000
880,251.000000,0.749000,0.251000
881,251.000000,0.749000,0.251000
882,251.000000,0.749000,0.251000
883,251.000000,0.749000,0.251000
884,251.000000,0.749000,0.251000
885,251.000000,0.749000,0.251000
886,251.000000,0.749000,0.251000
887,251.000000,0.749000,0.251000
888,251.000000,0.749000,0.251000
889,251.000000,0.749000,0.251000
890,251.000000,0.749000,0.251000
891,251.000000,0.749000,0.251000
892,251.000000,0.749000,0.251000
893,251.000000,0.749000,0.251000
894,251.000000,0.749000,0.251000
895,251.000000,0.749000,0.251000
896,251.000000,0.749000,0.251000
897,251.000000,0.749000,0.251000
898,251.000000,0.749000,0.251000
899,251.000000,0.749000,0.251000
900,251.000000,0.749000,0.251000
901,251.000000,0.749000,0.251000
902,251.000000,0.749000,0.251000
903,251.000000,0.749000,0.251000
904,251.000000,0.749000,0.251000
905,251.000000,0.749000,0.251000
906,251.000000,0.749000,0.251000
907,251.000000,0.749000,0.251000
908,251.000000,0.749000,0.251000
909,251.000000,0.749000,0.251000
910,251.000000,0.749000,0.251000
911,251.000000,0.749000,0.251000
912,251.000000,0.749000,0.251000
913,251.000000,0.749000,0.251000
914,251.000000,0.749000,0.251000
915,251.000000,0.749000,0.251000
916,251.000000,0.749000,0.251000
917,251.000000,0.749000,0.251000
918,251.000000,0.749000,0.251000
919,251.000000,0.749000,0.251000
920,251.000000,0.749000,0.251000
921,251.000000,0.749000,0.251000
922,251.000000,0.749000,0.251000
923,251.000000,0.749000,0.251000
924,251.000000,0.749000,0.251000
925,251.000000,0.749000,0.251000
926,251.000000,0.749000,0.251000
927,251.000000,0.749000,0.251000
928,251.000000,0.749000,0.251000
929,251.000000,0.749000,0.251000
930,251.000000,0.749000,0.251000
931,251.000000,0.749000,0.251000
932,251.000000,0.749000,0.251000
933,251.000000,0.749000,0.251000
934,251.000000,0.749000,0.251000
935,251.000000,0.749000,0.251000
936,251.000000,0.749000,0.251000
937,251.000000,0.749000,0.251000
938,251.000000,0.749000,0.251000
939,251.000000,0.749000,0.251000
940,251.000000,0.749000,0.251000
941,251.000000,0.749000,0.251000
942,251.000000,0.749000,0.251000
943,251.000000,0.749000,0.251000
944,251.000000,0.749000,0.251000
945,251.000000,0.749000,0.251000
946,251.000000,0.749000,0.251000
947,251.000000,0.749000,0.251000
948,251.000000,0.749000,0.251000
949,251.000000,0.749000,0.251000
950,251.000000,0.749000,0.251000
951,251.000000,0.749000,0.251000
952,251.000000,0.749000,0.251000
953,251.000000,0.749000,0.251000
954,251.000000,0.749000,0.251000
955,251.000000,0.749000,0.251000
956,251.000000,0.749000,0.251000
957,251.000000,0.749000,0.251000
958,251.000000,0.749000,0.251000
959,251.000000,0.749000,0.251000
960,251.000000,0.749000,0.251000
961,251.000000,0.749000,0.251000
962,251.000000,0.749000,0.251000
963,251.000000,0.749000,0.251000
964,251.000000,0.749000,0.251000
965,251.000000,0.749000,0.251000
966,251.000000,0.749000,0.251000
967,251.000000,0.749000,0.251000
968,251.000000,0.749000,0.251000
969,251.000000,0.749000,0.251000
970,251.000000,0.749000,0.251000
971,251.000000,0.749000,0.251000
972,251.000000,0.749000,0.251000
973,251.000000,0.749000,0.251000
974,251.000000,0.749000,0.251000
975,251.000000,0.749000,0.251000
976,251.000000,0.749000,0.251000
977,251.000000,0.749000,0.251000
978,251.000000,0.749000,0.251000
979,251.000000,0.749000,0.251000
980,251.000000,0.749000,0.251000
981,251.000000,0.749000,0.251000
982,251.000000,0.749000,0.251000
983,251.000000,0.749000,0.251000
984,251.000000,0.749000,0.251000
985,251.000000,0.749000,0.251000
986,251.000000,0.749000,0.251000
987,251.000000,0.749000,0.251000
988,251.000000,0.749000,0.251000
989,251.000000,0.749000,0.251000
990,251.000000,0.749000,0.251000
991,251.000000,0.749000,0.251000
992,251.000000,0.749000,0.251000
993,251.000000,0.749000,0.251000
994,251.000000,0.749000,0.251000
995,251.000000,0.749000,0.251000
996,251.000000,0.749000,0.251000
997,251.000000,0.749000,0.251000
998,251.000000,0.749000,0.251000
999,251.000000,0.749000,0.251000
